% values initialization
M1 = 100;
K1 = 50;
b = 50;
M2 = 3;
k12 = 300;